Name: 82398

----

Latitude: 47.811312

----

Longitude: 11.133091