Name: 28 rue du chemin vert, 75011 Paris

----

Latitude: 48.858324

----

Longitude: 2.372669